
==================================================
Problem Size: 5 Jobs x 5 Machines
Best Makespan: 444

Best Solution Encoding:
5 5
8 12 13 17 25
6 15 18 22 23
1 5 11 14 19
2 4 9 16 24
3 7 10 20 21
==================================================

==================================================
Problem Size: 10 Jobs x 10 Machines
Best Makespan: 1391

Best Solution Encoding:
10 10
21 29 30 51 61 62 65 84 85 92
3 10 38 46 56 63 80 83 87 93
13 14 27 44 58 60 69 77 81 82
6 20 35 36 48 52 57 78 79 99
4 26 37 49 53 67 70 75 94 95
1 8 9 17 23 39 43 54 76 97
2 16 19 22 32 40 41 74 88 96
5 11 15 24 34 42 45 50 59 90
12 25 28 64 68 71 86 89 91 98
7 18 31 33 47 55 66 72 73 100
==================================================

==================================================
Problem Size: 20 Jobs x 15 Machines
Best Makespan: 852

Best Solution Encoding:
20 15
5 44 56 62 68 69 71 86 88 105 165 181 214 241 289
61 70 82 93 107 113 116 144 145 170 176 200 218 226 299
13 16 84 140 147 164 182 195 205 213 225 230 231 253 280
34 38 43 67 118 126 141 161 174 203 209 246 261 279 293
1 17 19 41 63 103 166 168 196 206 215 240 256 285 300
4 22 55 73 79 122 138 148 171 188 189 194 201 266 275
24 47 95 96 120 125 157 180 186 187 227 235 255 259 287
10 15 35 51 54 109 167 173 191 208 217 239 273 277 295
2 20 25 42 66 102 132 136 197 237 242 267 272 274 283
3 7 18 37 53 80 87 94 108 163 207 223 247 276 291
64 100 115 123 127 149 150 151 152 154 183 202 232 236 263
31 45 48 52 74 75 81 89 91 112 135 185 198 262 284
14 32 46 60 92 119 128 155 219 222 249 264 281 290 298
23 36 50 58 65 98 117 143 146 172 190 229 238 258 297
30 57 83 85 99 111 124 169 184 216 244 245 260 288 296
8 21 39 101 106 110 131 134 177 193 204 228 233 250 268
49 76 90 129 156 162 179 210 211 212 252 254 257 265 282
6 26 27 29 59 78 114 153 159 220 224 234 248 271 286
9 11 12 72 77 97 121 130 158 175 199 221 251 270 294
28 33 40 104 133 137 139 142 160 178 192 243 269 278 292
==================================================

==================================================
Problem Size: 5 Jobs x 5 Machines
Best Makespan: 444

Best Solution Encoding:
5 5
5 10 13 21 23
9 15 16 18 19
1 2 12 22 24
3 6 7 14 25
4 8 11 17 20
==================================================

==================================================
Problem Size: 10 Jobs x 10 Machines
Best Makespan: 1349

Best Solution Encoding:
10 10
1 12 22 29 40 54 79 86 87 99
17 25 41 44 52 55 59 66 84 85
8 11 18 37 49 67 69 90 94 96
20 30 31 33 39 47 74 78 92 100
9 27 32 43 53 68 75 76 89 97
2 10 24 34 38 51 57 62 83 93
13 19 21 35 48 64 70 81 91 95
5 15 16 45 50 56 60 77 80 88
3 4 7 26 36 46 58 65 71 82
6 14 23 28 42 61 63 72 73 98
==================================================

==================================================
Problem Size: 20 Jobs x 15 Machines
Best Makespan: 868

Best Solution Encoding:
20 15
13 25 32 62 63 82 105 122 123 166 201 231 245 266 292
3 7 29 40 56 102 132 145 203 211 213 216 273 274 295
15 43 65 79 126 161 162 185 197 212 221 223 255 264 278
4 5 68 120 153 176 200 232 240 250 258 279 283 289 291
23 58 94 103 129 134 155 170 188 194 198 217 243 253 293
1 19 31 49 52 64 73 100 115 144 180 181 193 207 220
81 84 101 106 109 119 128 160 163 179 199 209 239 247 259
44 67 74 77 96 121 143 147 164 228 251 271 272 276 282
27 54 85 90 131 141 168 202 208 225 252 261 269 281 286
6 8 26 34 35 51 71 95 108 136 154 189 192 218 284
18 38 42 60 70 72 87 89 117 135 156 167 173 184 205
12 14 16 46 80 107 130 165 182 190 222 236 241 244 268
20 30 37 55 86 91 140 148 158 171 178 191 230 270 296
61 69 97 99 111 114 139 142 152 177 206 233 238 262 298
9 28 50 57 75 78 98 133 149 172 183 229 257 267 299
36 48 83 104 137 157 195 210 248 249 275 285 287 288 294
47 66 76 93 112 116 118 151 175 219 226 234 260 265 280
2 22 45 92 110 125 169 174 187 224 227 237 263 277 290
11 21 33 39 53 113 127 138 196 204 235 242 254 256 297
10 17 24 41 59 88 124 146 150 159 186 214 215 246 300
==================================================
